   90
   90
   87
   88
   80
   49
    8
  -18
  -20
  -20
  -46
  -94
 -116
  -76
   -5
   46
   75
  100
  113
   96
   57
   23
   18
   34
   49
   46
   16
  -42
  -99
 -115
  -79
  -22
   34
   88
  130
  148
  131
   80
    6
  -52
  -65
  -42
  -14
   -1
    0
   -6
   -2
   16
   37
   45
   45
   45
   45
   39
   30
   24
   14
   -4
  -22
  -27
  -15
    5
   14
    8
    0
   18
   58
   89
   95
   84
   62
   33
   -6
  -38
  -41
  -23
   -7
    2
   28
   65
   85
   65
   20
  -18
  -27
  -12
    6
   20
   27
   30
   33
   34
   33
   33
   37
   44
   44
   31
    7
  -15
  -14
    2
   12
    7
   -2
   -6
   -4
    5
   24
   50
   69
   66
   52
   44
   41
   31
   12
  -11
  -23
  -15
    2
    5
   -4
    0
   26
   52
   57
   51
   52
   60
   58
   42
   20
    2
  -12
  -25
  -28
  -14
    9
   24
   24
    9
   -4
    4
   28
   48
   58
   69
   82
   92
   80
   37
  -28
  -84
 -108
  -86
  -22
   49
   89
   93
   77
   57
   37
   17
   -5
  -28
  -44
  -39
  -16
   13
   41
   60
   61
   48
   38
   32
   20
    0
  -22
  -36
  -44
  -51
  -49
  -19
   32
   82
  114
  117
   89
   47
   10
   -8
  -14
  -22
  -35
  -37
  -21
    5
   28
   37
   33
   27
   27
   33
   45
   60
   65
   52
   22
   -8
  -16
   -4
    2
   -7
  -15
  -12
  -10
   -7
    9
   38
   57
   60
   57
   56
   49
   27
  -10
  -42
  -48
  -23
   17
   56
   76
   73
   51
   27
   17
   17
   18
   20
   24
   22
    7
  -20
  -50
  -60
  -43
  -14
   12
   44
   84
  109
  101
   72
   48
   42
   49
   56
   41
    0
  -50
  -80
  -85
  -77
  -68
  -47
   -3
   57
  103
  120
  110
   91
   69
   48
   33
   30
   32
   20
   -2
  -18
  -24
  -35
  -62
  -94
 -106
  -82
  -29
   35
  106
  176
  216
  213
  174
  112
   36
  -39
  -86
  -96
  -86
  -80
  -92
 -103
  -80
  -22
   44
   96
  127
  138
  128
   94
   46
   -4
  -48
  -79
  -84
  -56
  -14
   13
   25
   39
   64
   83
   83
   65
   36
   -3
  -46
  -73
  -71
  -51
  -23
   17
   59
   81
   77
   62
   49
   38
   28
   25
   33
   36
   22
    1
  -16
  -29
  -42
  -44
  -31
   -4
   33
   79
  114
  124
  106
   72
   26
  -18
  -54
  -75
  -71
  -41
    0
   34
   57
   76
   84
   67
   21
  -26
  -44
  -36
  -26
  -22
  -14
   10
   53
   94
  112
   94
   56
   18
   -6
  -29
  -55
  -72
  -64
  -27
   26
   77
  102
   97
   68
   28
    3
    6
   22
   21
   -3
  -30
  -46
  -56
  -58
  -36
    9
   57
   97
  133
  160
  166
  141
   86
   14
  -64
 -124
 -144
 -126
  -90
  -50
   -3
   50
   97
  121
  122
  115
  100
   66
   13
  -40
  -70
  -74
  -63
  -44
  -15
   21
   53
   71
   77
   77
   74
   65
   49
   22
  -12
  -39
  -52
  -54
  -48
  -33
  -14
    8
   33
   59
   86
  107
  113
   97
   58
    4
  -43
  -62
  -58
  -50
  -35
   -4
   38
   75
   90
   76
   42
   13
   -4
  -27
  -63
  -85
  -63
  -11
   38
   76
  109
  129
  128
  104
   58
   -7
  -68
 -101
 -105
  -86
  -45
    8
   63
  102
  112
   90
   50
   10
  -15
  -20
  -12
    2
   12
   10
    5
    8
   18
   22
   10
  -12
  -27
  -22
   -7
    7
   28
   60
   84
   84
   58
   22
   -6
  -15
  -11
   -3
    5
    7
    9
   20
   31
   26
    2
  -26
  -35
  -13
   33
   74
   94
  101
  102
   96
   77
   48
   16
   -7
  -18
  -37
  -70
  -92
  -82
  -51
  -20
   12
   42
   61
   70
   92
  127
  150
  138
   95
   44
   -3
  -39
  -56
  -56
  -55
  -60
  -55
  -24
   19
   53
   70
   79
   83
   73
   40
    1
  -14
   -3
   13
   17
   10
    6
    8
   10
   12
   15
   23
   28
   29
   32
   42
   49
   41
   26
   20
   21
   18
    1
  -24
  -46
  -50
  -36
  -11
   22
   54
   75
   74
   65
   65
   78
   89
   77
   44
    1
  -46
  -86
 -108
  -94
  -46
   12
   59
   94
  109
  101
   81
   61
   37
   10
   -6
   -6
   -6
  -15
  -16
   -6
   -1
  -17
  -34
  -28
   -2
   28
   53
   77
   86
   75
   53
   33
   14
   -1
  -12
  -23
  -32
  -30
  -14
    6
   24
   41
   57
   73
   85
   85
   63
   28
   -4
  -28
  -56
  -80
  -74
  -35
    6
   34
   58
   83
   98
  102
   94
   71
   26
  -28
  -64
  -66
  -39
   -5
   25
   38
   29
    6
  -14
  -17
   -3
   20
   38
   50
   60
   68
   73
   73
   65
   51
   33
    1
  -46
  -75
  -56
  -23
  -21
  -38
  -29
   13
   60
   90
  108
  117
  110
   76
   22
  -22
  -38
  -39
  -40
  -40
  -31
   -8
   15
   18
    6
    5
   32
   68
   92
   99
   89
   63
   29
   -6
  -43
  -78
  -98
 -102
  -90
  -51
   14
   78
  120
  140
  141
  120
   80
   26
  -24
  -56
  -55
  -33
  -16
  -12
  -15
  -20
  -32
  -42
  -31
    8
   52
   85
  111
  134
  146
  133
   93
   29
  -44
 -108
 -143
 -150
 -124
  -59
   26
   92
  115
  112
  106
  100
   82
   57
   29
   -6
  -43
  -60
  -50
  -30
  -19
  -14
   -4
   12
   30
   48
   52
   41
   24
   22
   34
   42
   33
   24
   31
   45
   44
   26
   11
    3
   -6
  -15
  -14
   -8
  -11
  -15
    0
   41
   89
  116
  114
   90
   56
   24
    0
  -16
  -27
  -33
  -36
  -40
  -38
  -20
    6
   30
   42
   45
   60
   91
  118
  112
   66
   13
  -14
  -17
  -20
  -30
  -38
  -46
  -53
  -43
   -1
   56
   94
   98
   78
   57
   45
   37
   18
  -10
  -38
  -56
  -55
  -24
   22
   49
   48
   44
   52
   60
   49
   24
   10
   16
   27
   24
   10
    1
   -2
   -3
   -8
  -12
  -15
  -14
    1
   33
   61
   71
   64
   50
   33
   14
   -6
  -15
   -2
   30
   54
   52
   40
   32
   21
  -12
  -58
  -77
  -50
    0
   40
   62
   70
   70
   68
   62
   49
   15
  -24
  -39
  -32
  -26
  -19
    3
   34
   54
   56
   46
   30
    9
    2
   21
   49
   55
   38
   17
    4
    0
  -13
  -34
  -40
  -23
   -6
   -2
    4
   29
   56
   69
   68
   66
   72
   76
   68
   43
    8
  -28
  -54
  -65
  -59
  -40
  -12
   24
   56
   70
   70
   70
   74
   76
   80
   82
   70
   36
  -11
  -64
 -114
 -134
 -109
  -55
    5
   58
   97
  114
  112
   96
   73
   50
   28
   11
   -2
  -16
  -34
  -51
  -55
  -46
  -27
   -6
   13
   24
   30
   52
   90
  125
  125
   88
   33
  -17
  -48
  -56
  -44
  -32
  -31
  -34
  -28
   -7
   21
   45
   57
   56
   50
   52
   55
   49
   29
   13
   12
   13
    2
  -16
  -35
  -43
  -24
   14
   38
   32
   18
   28
   55
   77
   77
   59
   30
    0
  -26
  -42
  -51
  -50
  -22
   29
   84
  124
  140
  132
   96
   33
  -46
 -111
 -128
  -98
  -49
   -7
   26
   52
   72
   78
   69
   53
   44
   42
   33
   -1
  -56
  -90
  -63
   -3
   30
   28
   28
   36
   36
   25
   24
   39
   45
   31
   17
   21
   29
   25
   12
    1
    0
   12
   24
   23
    4
  -18
  -22
   -6
   15
   33
   48
   66
   82
   86
   73
   41
   -2
  -39
  -59
  -52
  -25
    8
   33
   48
   53
   46
   33
   28
   34
   46
   51
   41
   20
    2
    5
   22
   28
   13
  -12
  -39
  -62
  -66
  -45
  -10
   33
   85
  142
  189
  197
  156
   85
    8
  -50
  -79
  -97
 -122
 -142
 -127
  -70
   -6
   36
   67
  103
  133
  133
  101
   60
   28
    1
  -24
  -39
  -37
  -28
  -22
  -20
  -16
  -15
  -19
   -7
   40
  102
  140
  132
   85
   19
  -40
  -67
  -63
  -47
  -28
    1
   34
   59
   64
   53
   41
   40
   44
   45
   21
  -23
  -49
  -30
    9
   30
   37
   48
   55
   41
   12
   -6
   -2
    5
    4
    4
    6
    5
    6
   16
   31
   36
   28
   19
   21
   33
   45
   52
   50
   39
   21
    5
   -4
  -16
  -35
  -51
  -48
  -16
   35
   77
   99
  102
   89
   61
   26
   -2
  -13
  -14
  -10
    2
   21
   28
   16
    3
    6
   17
   19
   17
   22
   28
   29
   34
   44
   49
   36
   14
    2
    2
    2
   -2
    0
   17
   38
   55
   66
   68
   49
    8
  -39
  -62
  -51
  -24
    8
   48
   85
  104
  100
   80
   53
   31
   20
   13
   -1
  -26
  -61
  -91
  -91
  -63
  -24
   20
   66
  102
  117
  116
  109
  104
   94
   60
  -12
  -95
 -137
 -114
  -57
   -2
   33
   50
   53
   39
   20
   15
   23
   21
    5
   -3
   11
   30
   33
   22
   16
   22
   33
   34
   22
    0
  -24
  -40
  -38
  -20
    5
   36
   63
   76
   69
   57
   49
   39
   19
    0
   -6
   -7
  -17
  -32
  -40
  -36
  -23
    1
   33
   65
   92
  113
  121
  111
   86
   52
    5
  -50
  -95
 -116
 -116
  -90
  -31
   34
   77
   90
   90
   87
   88
   88
   77
   52
   20
   -8
  -24
  -22
   -8
    4
   -3
  -27
  -44
  -36
   -7
   24
   44
   50
   56
   69
   80
   67
   34
   15
   24
   42
   44
   27
    2
  -18
  -24
  -16
   -2
    4
   -1
  -15
  -33
  -39
  -15
   33
   73
   96
  102
   87
   58
   42
   46
   45
   27
    3
  -18
  -43
  -71
  -80
  -61
  -24
   13
   42
   58
   68
   88
  114
  126
  106
   57
   -7
  -52
  -56
  -32
   -8
    1
    0
  -10
  -25
  -41
  -46
  -26
   18
   68
  106
  128
  130
  107
   63
   10
  -40
  -79
  -90
  -70
  -38
  -10
    8
   12
    6
   13
   33
   49
   49
   49
   58
   62
   52
   42
   38
   27
   -3
  -47
  -88
 -104
  -83
  -32
   26
   76
  111
  129
  128
  112
   89
   69
   42
   -1
  -52
  -84
  -87
  -80
  -75
  -59
  -23
   26
   64
   81
   83
   82
   80
   78
   82
   85
   68
   30
  -16
  -60
  -84
  -81
  -64
  -38
    2
   48
   76
   74
   54
   36
   28
   19
    6
   -1
   12
   48
   88
  104
   93
   66
   32
  -14
  -63
 -100
 -112
  -92
  -43
   16
   62
   97
  126
  141
  125
   80
   21
  -28
  -54
  -49
  -29
  -16
  -15
  -12
    2
   23
   38
   42
   41
   38
   26
   -4
  -28
  -21
   12
   41
   57
   62
   55
   30
   -2
  -16
   -6
   10
   18
   30
   53
   65
   44
   -4
  -40
  -43
  -28
  -18
   -7
   12
   39
   58
   63
   57
   49
   38
   20
   -4
  -16
  -10
    5
   16
   18
   16
   15
   15
   10
   -3
  -14
   -6
   16
   36
   50
   70
   88
   88
   72
   54
   28
  -16
  -68
  -98
  -95
  -72
  -36
   16
   81
  133
  156
  144
  110
   69
   28
  -15
  -60
  -92
  -95
  -79
  -55
  -20
   22
   54
   66
   62
   63
   72
   77
   65
   43
   29
   21
    7
  -18
  -41
  -57
  -71
  -81
  -78
  -48
   10
   76
  116
  122
  113
  101
   88
   74
   60
   39
    8
  -28
  -59
  -67
  -53
  -34
  -18
   -5
    5
   10
   17
   29
   41
   54
   75
  101
  111
   93
   56
   22
   -2
  -19
  -28
  -27
  -27
  -39
  -54
  -55
  -42
  -19
   13
   62
  117
  159
  169
  143
   92
   30
  -24
  -59
  -80
  -95
  -95
  -79
  -62
  -43
   -5
   52
  102
  121
  108
   80
   56
   40
   28
    8
  -15
  -26
  -23
  -19
  -26
  -39
  -44
  -37
  -19
    9
   41
   77
  113
  130
  111
   57
   -4
  -38
  -36
  -15
    5
   11
    0
  -18
  -20
   -3
   20
   30
   21
   14
   32
   70
   94
   76
   18
  -44
  -59
  -20
   34
   81
  112
  114
   76
   11
  -44
  -74
  -90
  -98
  -87
  -43
   19
   72
   96
   98
   93
   88
   80
   66
   48
   25
    1
  -16
  -24
  -28
  -34
  -48
  -70
  -83
  -64
  -11
   56
  125
  174
  182
  152
  102
   42
  -24
  -70
  -75
  -52
  -34
  -29
  -26
  -15
    1
   18
   38
   64
   80
   64
   16
  -34
  -46
  -20
   -1
  -10
  -25
  -12
   24
   54
   62
   54
   45
   40
   37
   40
   48
   54
   52
   37
    7
  -31
  -60
  -68
  -63
  -56
  -39
    6
   77
  142
  174
  177
  161
  129
   71
   -7
  -76
 -113
 -126
 -131
 -124
  -90
  -32
   42
  122
  182
  202
  182
  131
   62
   -2
  -38
  -54
  -71
  -92
 -113
 -122
 -104
  -49
   21
   71
   90
   92
   90
   83
   69
   50
   20
  -26
  -68
  -88
  -84
  -74
  -48
   -3
   56
  102
  119
  110
   90
   61
   18
  -30
  -54
  -42
  -14
    5
   13
   17
   16
    4
  -17
  -22
    7
   49
   76
   76
   60
   45
   42
   45
   38
   12
  -28
  -55
  -48
  -19
    8
   24
   38
   48
   45
   29
   17
   19
   32
   44
   45
   39
   32
   21
    0
  -23
  -26
   -4
   18
   30
   38
   45
   44
   34
   30
   38
   44
   36
   24
   15
    7
    0
   -3
   -3
   -7
  -12
   -3
   28
   70
  109
  127
  113
   68
   10
  -38
  -68
  -77
  -61
  -35
   -8
   26
   66
   93
   88
   57
   32
   33
   40
   22
  -18
  -50
  -47
  -14
   24
   50
   64
   61
   46
   42
   56
   64
   46
    9
  -26
  -51
  -62
  -58
  -35
    3
   37
   52
   54
   59
   77
   93
   86
   58
   24
   -3
  -16
   -6
   18
   28
   10
  -21
  -44
  -51
  -47
  -32
  -10
   17
   40
   64
  102
  145
  167
  149
  102
   44
  -19
  -84
 -136
 -154
 -132
  -86
  -36
    8
   47
   90
  132
  149
  124
   73
   33
   22
   21
   12
    0
  -10
  -34
  -75
 -106
  -91
  -48
  -18
    3
   37
   84
  121
  137
  130
  108
   74
   37
    1
  -34
  -68
  -84
  -68
  -34
   -7
    4
    9
   16
   20
   18
   20
   40
   73
   98
   97
   72
   40
   23
   20
   13
   -8
  -27
  -24
   -4
    5
   -6
  -23
  -27
  -21
   -5
   28
   73
  109
  124
  116
   92
   53
    5
  -35
  -56
  -72
  -79
  -56
   -8
   42
   77
  101
  112
  100
   62
   13
  -18
  -18
   -4
   -7
  -20
  -26
  -19
   -3
   20
   41
   52
   57
   60
   57
   51
   46
   42
   30
   -3
  -50
  -84
  -78
  -43
   -8
   14
   38
   74
  112
  133
  126
   88
   35
  -11
  -31
  -34
  -31
  -28
  -24
  -19
   -8
   17
   49
   66
   57
   36
   19
    6
  -10
  -25
  -25
    0
   41
   73
   80
   66
   44
   21
    5
   -8
  -19
  -27
  -28
  -20
   -4
   14
   34
   60
   92
  110
  102
   77
   44
    4
  -41
  -67
  -60
  -40
  -29
  -23
   -7
   18
   45
   71
   92
   93
   68
   27
   -6
  -15
  -11
   -7
   -4
    2
    9
   14
   32
   62
   87
   86
   63
   28
  -13
  -51
  -66
  -55
  -32
  -14
   -2
    1
   -1
    8
   38
   79
  117
  145
  153
  132
   79
    4
  -71
 -119
 -129
 -116
  -88
  -39
   25
   85
  123
  133
  116
   78
   25
  -27
  -49
  -34
   -4
   21
   30
   16
  -20
  -54
  -62
  -43
  -16
   13
   52
  101
  138
  141
  112
   70
   32
    3
  -19
  -44
  -83
 -127
 -143
 -103
  -30
   37
   81
  109
  129
  140
  133
  101
   44
  -16
  -50
  -58
  -63
  -71
  -62
  -20
   40
   81
   84
   57
   18
  -17
  -25
   -7
    9
    9
   10
   22
   42
   56
   61
   59
   52
   34
    2
  -41
  -74
  -77
  -46
   -6
   27
   61
  100
  122
  115
   93
   73
   49
    8
  -39
  -70
  -81
  -80
  -62
  -21
   22
   45
   46
   44
   52
   65
   68
   56
   38
   26
   21
   20
   16
    6
  -11
  -32
  -46
  -43
  -29
  -11
   18
   59
   98
  122
  117
   84
   38
    1
  -22
  -42
  -54
  -47
  -32
  -26
  -20
   14
   73
  116
  117
   85
   46
   15
   -7
  -22
  -28
  -18
    4
   13
    6
    2
   12
   12
  -14
  -46
  -52
  -30
    5
   40
   61
   61
   44
   29
   28
   32
   34
   40
   51
   53
   38
   16
   -6
  -21
  -35
  -50
  -62
  -55
  -23
   29
   90
  144
  165
  136
   68
  -11
  -66
  -76
  -50
  -10
   18
   27
   20
    5
    0
   14
   40
   60
   64
   52
   33
   12
   -4
  -10
   -5
   -2
   -5
   -7
    2
   12
   13
    9
    2
    1
   10
   33
   56
   73
   87
   93
   80
   47
   12
  -12
  -25
  -35
  -40
  -29
   -2
   17
   12
   -3
   -5
    4
   14
   25
   45
   73
   87
   82
   70
   71
   80
   72
   33
  -22
  -60
  -71
  -68
  -62
  -47
  -15
   36
   78
   88
   69
   47
   39
   41
   45
   36
    4
  -27
  -26
    7
   36
   48
   50
   41
   16
  -10
  -18
  -12
   -4
   -6
  -10
   -2
   17
   30
   37
   50
   70
   82
   82
   72
   52
   18
  -16
  -32
  -31
  -33
  -47
  -61
  -62
  -42
   -6
   37
   72
   97
  113
  117
  114
  109
  103
   79
   23
  -54
 -112
 -123
  -96
  -63
  -42
  -31
  -20
    5
   38
   64
   77
   85
   91
   92
   79
   49
    7
  -29
  -35
   -6
   34
   52
   33
  -15
  -62
  -83
  -60
  -16
   18
   30
   36
   44
   52
   58
   70
   83
   76
   49
   26
   20
   13
   -5
  -20
  -15
    5
   14
    2
  -18
  -32
  -43
  -50
  -39
   -7
   34
   77
  118
  146
  154
  141
  118
   83
   29
  -38
  -90
 -108
 -105
  -98
  -86
  -58
  -12
   37
   77
  105
  116
  110
  100
   88
   61
   14
  -31
  -55
  -62
  -57
  -40
  -11
   28
   72
  102
   97
   50
  -18
  -68
  -72
  -39
    2
   37
   60
   66
   62
   53
   40
   24
   10
    1
   -6
   -6
   -5
  -18
  -39
  -39
   -8
   38
   89
  132
  144
  114
   55
   -3
  -40
  -60
  -75
  -88
  -95
  -85
  -39
   31
   92
  129
  148
  150
  133
   96
   44
  -13
  -64
  -95
 -103
  -95
  -72
  -33
   12
   41
   48
   50
   67
   90
   97
   74
   34
    3
   -1
   14
   20
    5
  -14
  -22
  -22
  -32
  -54
  -68
  -50
    2
   60
  104
  138
  166
  176
  157
  107
   37
  -42
 -110
 -151
 -155
 -126
  -76
  -22
   20
   49
   70
   89
  101
   97
   74
   46
   28
   19
   10
    3
    8
   18
   17
   -7
  -49
  -84
  -79
  -39
   -3
    8
   12
   24
   39
   57
   85
  125
  152
  144
  105
   52
   -1
  -47
  -71
  -71
  -66
  -61
  -44
  -16
    4
   13
   21
   37
   58
   73
   81
   89
  101
  122
  130
  105
   41
  -35
 -100
 -146
 -161
 -135
  -86
  -38
   13
   71
  125
  164
  184
  187
  166
  113
   31
  -55
 -112
 -134
 -134
 -120
  -87
  -42
    4
   45
   80
  103
  112
  105
   78
   40
    6
   -6
   -8
  -11
   -9
    5
   18
   20
    9
   -8
  -27
  -43
  -38
   -4
   41
   72
   83
   86
   91
   92
   74
   33
  -13
  -39
  -40
  -37
  -47
  -52
  -29
   16
   61
   92
   98
   84
   62
   36
   -3
  -38
  -40
  -11
   24
   44
   45
   33
   14
  -10
  -29
  -31
  -12
   10
   27
   38
   45
   50
   58
   68
   77
   84
   86
   69
   26
  -41
 -109
 -146
 -134
  -86
  -14
   60
  113
  140
  147
  138
  113
   78
   45
   19
   -9
  -55
 -116
 -155
 -137
  -82
  -31
    5
   49
  102
  144
  163
  164
  144
   92
    8
  -64
  -86
  -74
  -63
  -58
  -50
  -39
  -34
  -28
  -15
   14
   52
   85
  113
  133
  133
  102
   53
   11
  -14
  -29
  -38
  -34
  -16
    6
   20
   23
   18
    6
   -6
   -8
    0
   10
   16
   21
   28
   37
   54
   82
  104
   98
   72
   45
   33
   25
    3
  -31
  -56
  -63
  -68
  -79
  -74
  -35
   21
   65
   92
  117
  147
  160
  139
   85
   21
  -24
  -44
  -57
  -78
  -99
 -115
 -115
  -88
  -26
   52
  114
  152
  168
  166
  146
  106
   53
   -2
  -46
  -76
 -106
 -121
 -100
  -42
   23
   65
   78
   74
   59
   43
   38
   49
   61
   57
   40
   22
    5
   -7
   -3
   10
   10
  -10
  -33
  -44
  -46
  -34
   -5
   27
   41
   44
   63
  102
  137
  141
  116
   73
   17
  -49
 -106
 -124
  -99
  -52
   -6
   26
   41
   45
   51
   61
   75
   89
   97
   85
   52
    7
  -34
  -59
  -68
  -67
  -58
  -31
   22
   80
  114
  120
  108
   81
   38
  -12
  -56
  -76
  -64
  -32
   -3
   16
   28
   38
   49
   58
   69
   81
   78
   45
  -12
  -64
  -91
  -87
  -55
   -8
   29
   45
   45
   46
   52
   58
   59
   57
   62
   72
   66
   37
   -3
  -32
  -51
  -62
  -68
  -66
  -50
  -26
    5
   41
   77
   98
   97
   90
   86
   87
   89
   85
   60
   14
  -36
  -76
 -100
  -98
  -71
  -41
  -15
   15
   50
   78
   86
   78
   67
   62
   62
   60
   41
    8
  -26
  -46
  -52
  -54
  -49
  -29
    4
   38
   65
   90
  116
  130
  120
   87
   42
   -7
  -51
  -74
  -68
  -49
  -34
  -27
  -18
    1
   25
   47
   64
   74
   73
   54
   28
   14
   16
   13
    0
   -6
    7
   26
   32
   22
    6
   -8
  -21
  -26
  -12
   17
   46
   59
   48
   21
    1
    4
   24
   50
   73
   78
   62
   31
   -2
  -28
  -45
  -53
  -55
  -47
  -27
    2
   30
   53
   76
  101
  119
  116
   90
   57
   26
  -12
  -57
  -88
  -96
  -91
  -75
  -38
   17
   69
  100
  104
   89
   65
   40
   17
    6
   12
   24
   20
   -4
  -28
  -40
  -38
  -34
  -26
   -4
   23
   41
   51
   68
   93
  113
  117
   98
   65
   26
   -7
  -40
  -74
  -99
 -111
 -115
 -102
  -55
   24
  110
  185
  228
  224
  173
   98
   24
  -32
  -65
  -92
 -119
 -127
 -111
  -76
  -40
  -12
   14
   49
   78
   85
   76
   77
   90
   94
   72
   26
  -30
  -85
 -120
 -119
  -83
  -33
    5
   31
   60
   90
  104
   92
   69
   49
   24
  -10
  -28
  -18
    1
   12
   21
   36
   45
   36
   14
   -6
   -8
    4
   11
    7
    2
    3
    9
   21
   44
   72
   86
   78
   56
   33
   14
  -10
  -38
  -44
  -23
    6
   30
   53
   77
   94
   88
   60
   25
   -3
  -19
  -22
   -7
    8
   -1
  -26
  -40
  -28
   -2
   30
   65
   87
   87
   74
   62
   52
   37
   21
   14
   15
    8
  -19
  -46
  -49
  -31
  -14
   -2
   19
   48
   68
   65
   54
   52
   44
   19
   -4
   -4
   10
   12
   -2
  -17
  -20
   -7
   21
   60
   89
   85
   49
   14
    4
    7
    3
   -5
   -5
   -3
  -12
  -28
  -32
  -11
   25
   60
   80
   86
   85
   81
   71
   57
   37
    6
  -35
  -67
  -71
  -59
  -47
  -21
   28
   71
   76
   50
   22
    9
    5
    6
   16
   42
   82
  121
  132
  101
   32
  -39
  -78
  -79
  -79
  -94
  -97
  -66
  -14
   30
   59
   81
  104
  120
  123
  118
  117
  109
   78
   24
  -36
  -91
 -130
 -146
 -137
 -103
  -43
   23
   68
   90
  109
  124
  115
   87
   64
   57
   59
   53
   32
   -3
  -44
  -90
 -127
 -131
  -95
  -36
   18
   58
   92
  114
  116
  100
   87
   81
   63
   21
  -30
  -64
  -78
  -75
  -59
  -36
  -16
    3
   25
   50
   77
   98
  101
   81
   46
   10
   -8
    2
   20
   16
  -10
  -29
  -27
  -16
  -17
  -23
  -22
   -7
   17
   45
   74
   98
  106
   94
   66
   33
    6
  -16
  -31
  -32
  -24
  -11
    2
    6
   -2
  -10
    0
   19
   41
   69
   98
  107
   91
   73
   63
   46
   12
  -26
  -55
  -82
 -104
  -92
  -44
    6
   38
   55
   61
   56
   48
   52
   72
   93
   99
   84
   47
    0
  -41
  -57
  -45
  -28
  -29
  -40
  -42
  -28
   -6
   26
   62
   90
  105
  109
  100
   80
   50
    9
  -52
 -108
 -118
  -88
  -46
    1
   44
   73
   88
   98
  108
  103
   77
   36
    0
  -23
  -34
  -42
  -52
  -59
  -54
  -40
  -24
   -6
   24
   66
  109
  133
  126
   99
   64
   30
    1
  -25
  -53
  -78
  -92
  -92
  -76
  -38
   26
  101
  152
  159
  129
   85
   44
   12
  -14
  -34
  -44
  -51
  -56
  -50
  -24
    9
   30
   33
   26
   19
   12
    4
    0
   18
   58
   91
   95
   80
   61
   41
   24
   13
    2
  -12
  -30
  -39
  -40
  -40
  -31
   -5
   26
   45
   52
   53
   40
   20
    9
   12
   25
   44
   58
   52
   26
    5
    0
    8
   23
   45
   60
   52
   24
    2
   -2
   -3
  -20
  -42
  -51
  -40
  -10
   34
   80
  106
  105
   85
   64
   50
   41
   29
   10
  -21
  -57
  -86
  -99
  -84
  -39
   22
   85
  138
  174
  184
  161
  102
   23
  -54
 -101
 -109
  -94
  -70
  -41
  -13
    8
   21
   32
   39
   38
   34
   37
   41
   38
   31
   29
   26
   17
   12
   16
   19
   16
   11
    9
    9
   16
   21
   10
  -14
  -32
  -31
   -8
   22
   44
   54
   64
   75
   82
   85
   86
   74
   28
  -51
 -123
 -140
 -103
  -43
   16
   62
   89
  100
   97
   88
   69
   33
  -13
  -47
  -50
  -31
  -14
  -14
  -17
   -7
   14
   34
   48
   60
   67
   61
   43
   20
   -9
  -38
  -52
  -48
  -30
    1
   41
   72
   74
   50
   30
   37
   58
   70
   58
   29
   -9
  -38
  -42
  -27
   -3
   24
   52
   62
   42
    6
  -20
  -30
  -22
    5
   41
   64
   64
   46
   21
    2
    3
   21
   36
   32
    8
  -16
  -23
  -14
    3
   30
   66
   93
   97
   74
   42
   14
   -7
  -28
  -47
  -58
  -50
  -20
   22
   49
   48
   29
   17
   24
   44
   63
   72
   70
   59
   49
   50
   45
   16
  -27
  -52
  -51
  -38
  -24
   -7
   11
   24
   26
   21
   10
   -4
  -10
    6
   40
   76
  108
  127
  122
   89
   40
   -6
  -37
  -66
 -100
 -124
 -112
  -72
  -26
   26
   83
  130
  150
  142
  113
   69
   20
  -23
  -52
  -62
  -58
  -47
  -36
  -28
  -13
   12
   32
   39
   42
   57
   80
  100
  101
   74
   24
  -28
  -60
  -71
  -60
  -24
   17
   32
   15
   -6
    0
   34
   73
   93
   89
   69
   44
   26
    9
  -16
  -40
  -44
  -38
  -40
  -46
  -34
   -3
   32
   70
  112
  146
  150
  118
   62
   -6
  -66
  -96
  -90
  -59
  -15
   33
   69
   87
   93
   86
   60
   20
  -15
  -31
  -36
  -40
  -47
  -50
  -43
  -17
   30
   89
  134
  145
  121
   79
   34
   -3
  -23
  -24
  -23
  -33
  -50
  -54
  -40
  -18
   -3
   12
   41
   79
  112
  130
  124
   85
   19
  -46
  -78
  -80
  -66
  -38
    1
   34
   56
   70
   76
   64
   45
   34
   30
   13
  -21
  -53
  -67
  -69
  -59
  -38
  -10
   13
   41
   81
  120
  135
  118
   84
   43
    9
   -3
    2
    2
  -26
  -73
 -115
 -121
  -82
  -14
   58
  112
  140
  143
  131
  110
   82
   41
    0
  -26
  -34
  -35
  -40
  -47
  -57
  -59
  -48
  -20
   21
   64
   92
   98
   85
   61
   30
   10
   13
   26
   25
   12
   11
   20
   15
   -8
  -24
  -17
   -3
    2
    2
    8
   20
   35
   48
   45
   33
   38
   72
   96
   84
   47
   16
   -6
  -27
  -51
  -68
  -70
  -43
   13
   73
  100
   92
   66
   40
   13
   -8
  -10
   13
   32
   28
   22
   38
   61
   59
   29
  -10
  -38
  -49
  -52
  -57
  -59
  -38
    8
   57
   89
  104
  109
  110
  109
   98
   62
   -6
  -88
 -140
 -137
 -101
  -62
  -20
   24
   62
   89
  108
  112
   95
   64
   44
   45
   42
   10
  -49
 -105
 -128
 -112
  -79
  -46
   -7
   42
   84
  104
  109
  118
  134
  137
  108
   50
   -8
  -50
  -83
 -122
 -148
 -129
  -62
   14
   68
  100
  108
   96
   79
   69
   63
   52
   37
   17
    0
  -10
  -20
  -38
  -53
  -46
  -15
   28
   66
   90
   95
   75
   36
   -4
  -28
  -30
  -14
   10
   30
   40
   44
   42
   28
   10
   10
   29
   49
   60
   65
   62
   46
   16
  -18
  -40
  -48
  -45
  -36
  -29
  -20
    8
   50
   86
  104
  116
  123
  110
   72
   28
    0
  -10
  -15
  -27
  -44
  -62
  -72
  -65
  -39
    4
   48
   85
  106
  113
  104
   82
   51
   14
  -22
  -42
  -36
  -10
   23
   44
   46
   34
   17
    0
  -11
  -11
   -1
    4
    4
    9
   16
   12
    7
   17
   39
   62
   86
  105
  104
   85
   54
   14
  -42
  -91
 -104
  -83
  -51
  -13
   33
   69
   84
   82
   86
   96
   94
   61
    7
  -39
  -63
  -67
  -62
  -58
  -55
  -43
  -15
   23
   60
   87
  109
  128
  139
  135
  116
   80
   24
  -47
 -103
 -129
 -138
 -139
 -123
  -83
  -27
   39
  109
  170
  201
  189
  144
   81
   17
  -29
  -54
  -68
  -81
  -96
 -108
 -101
  -66
  -12
   40
   77
  101
  114
  114
  102
   78
   38
  -14
  -56
  -66
  -55
  -43
  -34
  -18
   -2
    4
   10
   29
   57
   86
  104
  100
   68
   20
  -16
  -24
  -20
  -22
  -19
    0
   34
   67
   82
   69
   35
    4
  -15
  -29
  -34
  -15
   15
   37
   44
   35
   12
  -10
   -6
   22
   50
   56
   35
    3
  -15
   -2
   36
   68
   81
   80
   69
   45
    7
  -38
  -74
  -82
  -60
  -31
  -11
    2
   21
   50
   80
  102
  116
  121
  112
   78
   31
   -8
  -27
  -32
  -33
  -39
  -59
  -87
  -96
  -71
  -19
   39
   88
  120
  134
  136
  124
  100
   74
   49
   16
  -29
  -60
  -63
  -60
  -64
  -64
  -52
  -35
   -6
   41
   92
  124
  128
  113
   86
   50
    6
  -32
  -51
  -48
  -34
  -15
    3
   14
   16
   18
   32
   47
   50
   46
   49
   52
   40
   18
    4
   -2
   -8
  -16
  -20
  -18
   -4
   28
   67
   86
   72
   44
   26
   18
    9
   -3
   -4
    3
   -1
  -24
  -47
  -51
  -34
   -1
   42
   78
   93
   94
   99
   98
   76
   34
    0
  -20
  -34
  -50
  -64
  -74
  -71
  -49
   -8
   40
   79
   99
   97
   79
   56
   45
   51
   60
   62
   58
   41
    3
  -59
 -120
 -138
 -107
  -54
    0
   57
  120
  175
  195
  168
  107
   38
  -22
  -68
  -92
  -91
  -71
  -60
  -64
  -55
   -2
   77
  136
  152
  131
   87
   34
  -11
  -42
  -55
  -50
  -31
   -8
    3
    1
   -4
   -6
    0
   16
   35
   40
   29
   14
    5
    2
    6
   25
   51
   77
   91
   85
   58
   20
  -16
  -34
  -31
  -22
  -21
  -16
    4
   23
   21
   18
   44
   86
  105
   84
   40
    5
  -10
  -20
  -30
  -30
  -19
   -8
    3
   22
   44
   53
   47
   36
   24
   17
   22
   29
   24
    4
  -19
  -30
  -24
   -5
   26
   58
   77
   70
   46
   26
   26
   34
   26
   -4
  -35
  -43
  -16
   30
   66
   79
   74
   61
   41
    9
  -25
  -40
  -36
  -31
  -26
   -3
   36
   74
   97
   98
   77
   48
   33
   39
   44
   20
  -30
  -75
  -91
  -77
  -49
  -19
   12
   45
   75
   92
   96
  103
