  0.628319E+02  0.000000E+00     3  1.254005E+01  3.738065E-04  1.254005E+01  8.181321E-05
  0.314159E+02  0.000000E+00     3  1.245913E+01  5.936019E-03  1.245913E+01  1.290804E-03
  0.209440E+02  0.000000E+00     3  1.232236E+01  2.971683E-02  1.232236E+01  6.391072E-03
  0.157080E+02  0.000000E+00     3  1.212920E+01  9.244293E-02  1.212918E+01  1.956965E-02
  0.125664E+02  0.000000E+00     3  1.188058E+01  2.210527E-01  1.188049E+01  4.583631E-02
  0.104720E+02  0.000000E+00     3  1.157914E+01  4.467316E-01  1.157879E+01  9.028094E-02
  0.897598E+01  0.000000E+00     3  1.122967E+01  8.026288E-01  1.122857E+01  1.573059E-01
  0.785398E+01  0.000000E+00     3  1.083864E+01  1.321560E+00  1.083576E+01  2.499772E-01
  0.698132E+01  0.000000E+00     3  1.041373E+01  2.033963E+00  1.040717E+01  3.696032E-01
  0.628318E+01  0.000000E+00     3  9.963383E+00  2.966321E+00  9.950033E+00  5.155945E-01
  0.571199E+01  0.000000E+00     3  9.496081E+00  4.140197E+00  9.471300E+00  6.855906E-01
  0.523599E+01  0.000000E+00     3  9.019671E+00  5.571956E+00  8.977054E+00  8.757719E-01
  0.483322E+01  0.000000E+00     3  8.541368E+00  7.272747E+00  8.472651E+00  1.081276E+00
  0.448799E+01  0.000000E+00     3  8.067189E+00  9.249327E+00  7.962301E+00  1.296647E+00
  0.418879E+01  0.000000E+00     3  7.601983E+00  1.150460E+01  7.449249E+00  1.516189E+00
  0.392699E+01  0.000000E+00     3  7.149565E+00  1.403856E+01  6.936027E+00  1.734304E+00
  0.369599E+01  0.000000E+00     3  6.712605E+00  1.684909E+01  6.424443E+00  1.945662E+00
  0.349066E+01  0.000000E+00     3  6.293025E+00  1.993288E+01  5.916027E+00  2.145412E+00
  0.330694E+01  0.000000E+00     3  5.891945E+00  2.328549E+01  5.412025E+00  2.329162E+00
  0.314159E+01  0.000000E+00     3  5.509933E+00  2.690287E+01  4.913619E+00  2.493131E+00
  0.299199E+01  0.000000E+00     3  5.147136E+00  3.078053E+01  4.422079E+00  2.634052E+00
  0.285599E+01  0.000000E+00     3  4.803404E+00  3.491455E+01  3.938823E+00  2.749248E+00
  0.273182E+01  0.000000E+00     3  4.478295E+00  3.930169E+01  3.465401E+00  2.836569E+00
  0.261799E+01  0.000000E+00     3  4.171319E+00  4.393938E+01  3.003660E+00  2.894466E+00
  0.251327E+01  0.000000E+00     3  3.881842E+00  4.882542E+01  2.555633E+00  2.921890E+00
  0.241661E+01  0.000000E+00     3  3.609154E+00  5.395857E+01  2.123518E+00  2.918332E+00
  0.232711E+01  0.000000E+00     3  3.352574E+00  5.933797E+01  1.709722E+00  2.883852E+00
  0.224400E+01  0.000000E+00     3  3.111398E+00  6.496373E+01  1.316719E+00  2.819051E+00
  0.216662E+01  0.000000E+00     3  2.884926E+00  7.083598E+01  9.470447E-01  2.725051E+00
  0.209440E+01  0.000000E+00     3  2.672485E+00  7.695546E+01  6.032023E-01  2.603521E+00
  0.202683E+01  0.000000E+00     3  2.473416E+00  8.332328E+01  2.875771E-01  2.456641E+00
  0.196350E+01  0.000000E+00     3  2.287077E+00  8.994053E+01  2.374060E-03  2.287076E+00
  0.190400E+01  0.000000E+00     3  2.112856E+00  9.680865E+01 -2.504870E-01  2.097956E+00
  0.184800E+01  0.000000E+00     3  1.950144E+00  1.039289E+02 -4.694354E-01  1.892800E+00
  0.179520E+01  0.000000E+00     3  1.798358E+00  1.113030E+02 -6.533449E-01  1.675479E+00
  0.174533E+01  0.000000E+00     3  1.656955E+00  1.189320E+02 -8.015861E-01  1.450158E+00
  0.169816E+01  0.000000E+00     3  1.525365E+00  1.268170E+02 -9.140922E-01  1.221137E+00
  0.165347E+01  0.000000E+00     3  1.403060E+00  1.349592E+02 -9.914069E-01  9.928188E-01
  0.161107E+01  0.000000E+00     3  1.289515E+00  1.433595E+02 -1.034702E+00  7.695727E-01
  0.157080E+01  0.000000E+00     3  1.184232E+00  1.520183E+02 -1.045792E+00  5.556301E-01
  0.153248E+01  0.000000E+00     3  1.086720E+00  1.609358E+02 -1.027117E+00  3.549521E-01
  0.149600E+01  0.000000E+00     3  9.965014E-01  1.701125E+02 -9.817001E-01  1.711135E-01
  0.146121E+01  0.000000E+00     3  9.131090E-01  1.795482E+02 -9.130806E-01  7.200329E-03
  0.142800E+01  0.000000E+00     3  8.361048E-01 -1.707569E+02 -8.252485E-01 -1.342989E-01
  0.139626E+01  0.000000E+00     3  7.650574E-01 -1.608028E+02 -7.225144E-01 -2.515667E-01
  0.136591E+01  0.000000E+00     3  6.995671E-01 -1.505890E+02 -6.094065E-01 -3.435372E-01
  0.133685E+01  0.000000E+00     3  6.392475E-01 -1.401152E+02 -4.905174E-01 -4.099148E-01
  0.130900E+01  0.000000E+00     3  5.837464E-01 -1.293799E+02 -3.703637E-01 -4.512101E-01
  0.128228E+01  0.000000E+00     3  5.327225E-01 -1.183830E+02 -2.532366E-01 -4.686837E-01
  0.125664E+01  0.000000E+00     3  4.858563E-01 -1.071235E+02 -1.430516E-01 -4.643195E-01
  0.123200E+01  0.000000E+00     3  4.428605E-01 -9.560044E+01 -4.321898E-02 -4.407466E-01
  0.120831E+01  0.000000E+00     3  4.034504E-01 -8.381384E+01  4.347548E-02 -4.011011E-01
  0.118551E+01  0.000000E+00     3  3.673674E-01 -7.176432E+01  1.149590E-01 -3.489172E-01
  0.116355E+01  0.000000E+00     3  3.343482E-01 -5.945230E+01  1.699343E-01 -2.879428E-01
  0.114240E+01  0.000000E+00     3  3.041678E-01 -4.687940E+01  2.079097E-01 -2.220171E-01
  0.112200E+01  0.000000E+00     3  2.765754E-01 -3.404555E+01  2.291684E-01 -1.548412E-01
  0.110231E+01  0.000000E+00     3  2.513662E-01 -2.094843E+01  2.347516E-01 -8.987033E-02
  0.108331E+01  0.000000E+00     3  2.283341E-01 -7.580007E+00  2.263388E-01 -3.011966E-02
  0.106495E+01  0.000000E+00     3  2.073258E-01  6.074329E+00  2.061618E-01  2.193892E-02
  0.104720E+01  0.000000E+00     3  1.882339E-01  2.002904E+01  1.768494E-01  6.446941E-02
  0.103003E+01  0.000000E+00     3  1.709835E-01  3.429454E+01  1.412584E-01  9.634021E-02
  0.101342E+01  0.000000E+00     3  1.555209E-01  4.886334E+01  1.023106E-01  1.171294E-01
  0.997332E+00  0.000000E+00     3  1.417861E-01  6.369232E+01  6.283836E-02  1.271009E-01
  0.981748E+00  0.000000E+00     3  1.296590E-01  7.870497E+01  2.539515E-02  1.271478E-01
  0.966644E+00  0.000000E+00     3  1.189383E-01  9.378445E+01 -7.850299E-03  1.186790E-01
  0.951998E+00  0.000000E+00     3  1.093156E-01  1.088017E+02 -3.523165E-02  1.034825E-01
  0.937789E+00  0.000000E+00     3  1.004256E-01  1.236549E+02 -5.565474E-02  8.359335E-02
  0.923998E+00  0.000000E+00     3  9.189129E-02  1.383164E+02 -6.862702E-02  6.110925E-02
  0.910607E+00  0.000000E+00     3  8.342689E-02  1.528641E+02 -7.424387E-02  3.805122E-02
  0.897599E+00  0.000000E+00     3  7.491761E-02  1.674973E+02 -7.314099E-02  1.621864E-02
  0.884956E+00  0.000000E+00     3  6.645929E-02 -1.774767E+02 -6.639485E-02 -2.925872E-03
  0.872665E+00  0.000000E+00     3  5.836473E-02 -1.616898E+02 -5.540970E-02 -1.833592E-02
  0.860711E+00  0.000000E+00     3  5.108715E-02 -1.448279E+02 -4.175996E-02 -2.942792E-02
  0.849080E+00  0.000000E+00     3  4.510519E-02 -1.268641E+02 -2.705949E-02 -3.608687E-02
  0.837759E+00  0.000000E+00     3  4.069781E-02 -1.083224E+02 -1.279394E-02 -3.863452E-02
  0.826735E+00  0.000000E+00     3  3.776747E-02 -9.032017E+01 -2.110420E-04 -3.776689E-02
  0.815999E+00  0.000000E+00     3  3.580869E-02 -7.414919E+01  9.780551E-03 -3.444710E-02
  0.805537E+00  0.000000E+00     3  3.414059E-02 -6.078482E+01  1.666371E-02 -2.979766E-02
  0.795340E+00  0.000000E+00     3  3.220226E-02 -5.085030E+01  2.033086E-02 -2.497283E-02
  0.785399E+00  0.000000E+00     3  2.974763E-02 -4.498926E+01  2.103869E-02 -2.103081E-02
  0.775702E+00  0.000000E+00     3  2.699462E-02 -4.422632E+01  1.934408E-02 -1.882860E-02
  0.766243E+00  0.000000E+00     3  2.479578E-02 -4.977680E+01  1.601229E-02 -1.893243E-02
  0.757011E+00  0.000000E+00     3  2.465548E-02 -6.115363E+01  1.189535E-02 -2.159614E-02
  0.747999E+00  0.000000E+00     3  2.789428E-02 -7.368037E+01  7.838166E-03 -2.677039E-02
  0.739199E+00  0.000000E+00     3  3.455839E-02 -8.230480E+01  4.627475E-03 -3.424717E-02
  0.730603E+00  0.000000E+00     3  4.420492E-02 -8.603465E+01  3.056909E-03 -4.409910E-02
  0.722205E+00  0.000000E+00     3  5.973717E-02 -8.554020E+01  4.645145E-03 -5.955629E-02
  0.713999E+00  0.000000E+00     3  1.591036E-01 -1.282875E+02 -9.858185E-02 -1.248822E-01
  0.705976E+00  0.000000E+00     3  4.567450E-02 -1.098488E+02 -1.550826E-02 -4.296108E-02
  0.698132E+00  0.000000E+00     3  5.372676E-02 -9.841791E+01 -7.865177E-03 -5.314795E-02
  0.690460E+00  0.000000E+00     3  5.694504E-02 -9.430916E+01 -4.278738E-03 -5.678406E-02
  0.682955E+00  0.000000E+00     3  5.765782E-02 -9.234370E+01 -2.357859E-03 -5.760959E-02
  0.675611E+00  0.000000E+00     3  5.611131E-02 -9.075893E+01 -7.432128E-04 -5.610639E-02
  0.668424E+00  0.000000E+00     3  5.326248E-02 -8.961220E+01  3.605010E-04 -5.326127E-02
  0.661388E+00  0.000000E+00     3  4.986470E-02 -8.785979E+01  1.862205E-03 -4.982992E-02
  0.654498E+00  0.000000E+00     3  4.753509E-02 -8.380961E+01  5.125837E-03 -4.725792E-02
  0.647751E+00  0.000000E+00     3  5.169470E-02 -7.786297E+01  1.086884E-02 -5.053920E-02
  0.641141E+00  0.000000E+00     3  4.151932E-02 -1.035905E+02 -9.756238E-03 -4.035678E-02
  0.634665E+00  0.000000E+00     3  4.856916E-02 -9.122080E+01 -1.034789E-03 -4.855814E-02
  0.628318E+00  0.000000E+00     3  4.218134E-02 -8.456339E+01  3.996449E-03 -4.199160E-02
  0.622097E+00  0.000000E+00     3  4.475274E-02 -7.514577E+01  1.147284E-02 -4.325716E-02
  0.615998E+00  0.000000E+00     3  4.795247E-02 -7.106629E+01  1.555933E-02 -4.535798E-02
  0.610018E+00  0.000000E+00     3  4.551542E-02 -6.811039E+01  1.696904E-02 -4.223394E-02
  0.604152E+00  0.000000E+00     3  4.802739E-02 -5.480356E+01  2.768210E-02 -3.924706E-02
  0.598398E+00  0.000000E+00     3  4.860910E-02 -5.085887E+01  3.068365E-02 -3.770090E-02
  0.592753E+00  0.000000E+00     3  4.635686E-02 -4.696529E+01  3.163584E-02 -3.388410E-02
  0.587213E+00  0.000000E+00     3  3.921686E-02 -3.298341E+01  3.289621E-02 -2.134951E-02
  0.581776E+00  0.000000E+00     3  6.979103E-02 -6.952330E+00  6.927787E-02 -8.447750E-03
  0.576439E+00  0.000000E+00     3  6.898614E-02 -2.329484E+01  6.336252E-02 -2.728145E-02
  0.571198E+00  0.000000E+00     3  7.220799E-02 -1.989222E+01  6.789966E-02 -2.456890E-02
  0.566052E+00  0.000000E+00     3  8.209625E-02 -1.401831E+01  7.965129E-02 -1.988634E-02
  0.560998E+00  0.000000E+00     3  1.005715E-01 -1.044743E+01  9.890418E-02 -1.823696E-02
  0.556034E+00  0.000000E+00     3  1.325702E-01 -5.228398E+00  1.320186E-01 -1.208062E-02
  0.551156E+00  0.000000E+00     3  1.974398E-01 -9.984860E+00  1.944493E-01 -3.423368E-02
  0.546364E+00  0.000000E+00     3  1.919246E-01 -3.636794E+01  1.545426E-01 -1.138052E-01
  0.541654E+00  0.000000E+00     3  1.654193E-01 -1.941896E+01  1.560090E-01 -5.499749E-02
  0.537024E+00  0.000000E+00     3  1.674261E-01 -1.275488E+01  1.632946E-01 -3.696442E-02
  0.532473E+00  0.000000E+00     3  1.726116E-01  3.424523E-01  1.726086E-01  1.031680E-03
  0.527998E+00  0.000000E+00     3  2.152785E-01  9.781216E+00  2.121491E-01  3.657289E-02
  0.523598E+00  0.000000E+00     3  2.164801E-01  1.585010E+01  2.082494E-01  5.912537E-02
  0.519271E+00  0.000000E+00     3  2.408013E-01  2.492686E+01  2.183698E-01  1.014884E-01
  0.515015E+00  0.000000E+00     3  2.656358E-01  2.930330E+01  2.316454E-01  1.300108E-01
  0.510828E+00  0.000000E+00     3  3.197971E-01  3.907146E+01  2.482778E-01  2.015647E-01
  0.506708E+00  0.000000E+00     3  3.546817E-01  1.723208E+01  3.387610E-01  1.050719E-01
  0.502654E+00  0.000000E+00     3  2.846410E-01  1.412869E+01  2.760306E-01  6.948106E-02
  0.498665E+00  0.000000E+00     3  2.198843E-01  1.527223E+01  2.121191E-01  5.791876E-02
  0.494739E+00  0.000000E+00     3  1.746022E-01  2.464476E+01  1.586978E-01  7.280752E-02
  0.490873E+00  0.000000E+00     3  1.059253E-01  4.869282E+01  6.992085E-02  7.956912E-02
  0.487068E+00  0.000000E+00     3  2.318822E-01  1.423933E+02 -1.837013E-01  1.415034E-01
  0.483321E+00  0.000000E+00     3  5.982277E-01  6.323212E+01  2.694280E-01  5.341207E-01
  0.479632E+00  0.000000E+00     3  3.987991E-01  5.154335E+01  2.480221E-01  3.122912E-01
  0.475998E+00  0.000000E+00     3  3.081818E-01  4.970373E+01  1.993135E-01  2.350534E-01
  0.472419E+00  0.000000E+00     3  2.028373E-01  5.606742E+01  1.132272E-01  1.682931E-01
  0.468894E+00  0.000000E+00     3  1.165338E-01  8.371708E+01  1.275324E-02  1.158339E-01
  0.465421E+00  0.000000E+00     3  2.107185E-01 -1.711136E+02 -2.081892E-01 -3.255100E-02
  0.461998E+00  0.000000E+00     3  8.431140E-01  1.740676E+02 -8.385987E-01  8.714013E-02
  0.458626E+00  0.000000E+00     3  2.442378E+00  5.452908E+01  1.417287E+00  1.989097E+00
  0.455303E+00  0.000000E+00     3  2.954051E-01 -8.861124E+00  2.918793E-01 -4.550420E-02
  0.452027E+00  0.000000E+00     3  8.622364E-02  6.346087E+01  3.852548E-02  7.713821E-02
  0.448798E+00  0.000000E+00     3  1.902903E-01  2.535630E+01  1.719581E-01  8.149108E-02
  0.445615E+00  0.000000E+00     3  1.957371E-01 -1.660980E-01  1.957363E-01 -5.674326E-04
  0.442477E+00  0.000000E+00     3  2.500581E-01 -7.541440E+00  2.478952E-01 -3.281844E-02
  0.439383E+00  0.000000E+00     3  3.509701E-01 -1.671417E+01  3.361421E-01 -1.009381E-01
  0.436332E+00  0.000000E+00     3  3.781068E-01 -4.076859E+01  2.863604E-01 -2.469058E-01
  0.433323E+00  0.000000E+00     3  2.854221E-01 -4.696961E+01  1.947681E-01 -2.086413E-01
  0.430355E+00  0.000000E+00     3  2.452990E-01 -3.264302E+01  2.065534E-01 -1.323151E-01
  0.427427E+00  0.000000E+00     3  2.387587E-01 -2.011801E+01  2.241911E-01 -8.212220E-02
  0.424539E+00  0.000000E+00     3  2.571097E-01 -1.542729E+01  2.478458E-01 -6.839512E-02
  0.421690E+00  0.000000E+00     3  1.994985E-01 -4.031100E+01  1.521264E-01 -1.290628E-01
  0.418878E+00  0.000000E+00     3  1.466984E-01  5.887596E-01  1.466906E-01  1.507416E-03
  0.416104E+00  0.000000E+00     3  1.349985E-01  1.032314E+01  1.328132E-01  2.419167E-02
  0.413367E+00  0.000000E+00     3  8.269532E-02  2.566970E+01  7.453381E-02  3.582217E-02
  0.410665E+00  0.000000E+00     3  8.234703E-02  1.435497E+02 -6.623772E-02  4.892441E-02
  0.407998E+00  0.000000E+00     3  2.141486E-01  1.692634E+02 -2.103997E-01  3.989468E-02
  0.405366E+00  0.000000E+00     3  6.386415E-01  1.433251E+02 -5.122147E-01  3.814433E-01
  0.402768E+00  0.000000E+00     3  6.368688E-01  7.462844E+01  1.688197E-01  6.140862E-01
  0.400202E+00  0.000000E+00     3  2.277723E-01  3.361987E+01  1.896726E-01  1.261130E-01
  0.397669E+00  0.000000E+00     3  6.736945E-02 -1.497945E+01  6.508014E-02 -1.741315E-02
