  0.628319E+02     3     3  1.989234E+01  8.014622E-02
  0.314159E+02     3     3  2.011681E+01  3.164607E-01
  0.209440E+02     3     3  2.035016E+01  6.964969E-01
  0.157080E+02     3     3  2.053796E+01  1.199705E+00
  0.125664E+02     3     3  2.064197E+01  1.798466E+00
  0.104720E+02     3     3  2.063750E+01  2.460030E+00
  0.897598E+01     3     3  2.051175E+01  3.149294E+00
  0.785398E+01     3     3  2.026254E+01  3.831887E+00
  0.698132E+01     3     3  1.989851E+01  4.476990E+00
  0.628318E+01     3     3  1.943453E+01  5.059416E+00
  0.571199E+01     3     3  1.889040E+01  5.561077E+00
  0.523599E+01     3     3  1.828832E+01  5.970768E+00
  0.483322E+01     3     3  1.765014E+01  6.283863E+00
  0.448799E+01     3     3  1.699577E+01  6.501082E+00
  0.418879E+01     3     3  1.634262E+01  6.627110E+00
  0.392699E+01     3     3  1.570514E+01  6.669397E+00
  0.369599E+01     3     3  1.509451E+01  6.636995E+00
  0.349066E+01     3     3  1.451878E+01  6.539702E+00
  0.330694E+01     3     3  1.398388E+01  6.387334E+00
  0.314159E+01     3     3  1.349336E+01  6.189405E+00
  0.299199E+01     3     3  1.304919E+01  5.954867E+00
  0.285599E+01     3     3  1.265199E+01  5.691801E+00
  0.273182E+01     3     3  1.230110E+01  5.407475E+00
  0.261799E+01     3     3  1.199542E+01  5.108359E+00
  0.251327E+01     3     3  1.173312E+01  4.800354E+00
  0.241661E+01     3     3  1.151189E+01  4.488287E+00
  0.232711E+01     3     3  1.132915E+01  4.176567E+00
  0.224400E+01     3     3  1.118215E+01  3.868774E+00
  0.216662E+01     3     3  1.106800E+01  3.567970E+00
  0.209440E+01     3     3  1.098359E+01  3.276716E+00
  0.202683E+01     3     3  1.092607E+01  2.997055E+00
  0.196350E+01     3     3  1.089248E+01  2.730547E+00
  0.190400E+01     3     3  1.087986E+01  2.478386E+00
  0.184800E+01     3     3  1.088557E+01  2.241354E+00
  0.179520E+01     3     3  1.090695E+01  2.019902E+00
  0.174533E+01     3     3  1.094139E+01  1.814181E+00
  0.169816E+01     3     3  1.098679E+01  1.624165E+00
  0.165347E+01     3     3  1.104109E+01  1.449492E+00
  0.161107E+01     3     3  1.110220E+01  1.289770E+00
  0.157080E+01     3     3  1.116862E+01  1.144345E+00
  0.153248E+01     3     3  1.123885E+01  1.012509E+00
  0.149600E+01     3     3  1.131146E+01  8.935274E-01
  0.146121E+01     3     3  1.138540E+01  7.865130E-01
  0.142800E+01     3     3  1.145982E+01  6.906419E-01
  0.139626E+01     3     3  1.153385E+01  6.050249E-01
  0.136591E+01     3     3  1.160676E+01  5.288664E-01
  0.133685E+01     3     3  1.167822E+01  4.612762E-01
  0.130900E+01     3     3  1.174766E+01  4.015077E-01
  0.128228E+01     3     3  1.181459E+01  3.487897E-01
  0.125664E+01     3     3  1.187930E+01  3.024113E-01
  0.123200E+01     3     3  1.194114E+01  2.617054E-01
  0.120831E+01     3     3  1.200032E+01  2.260827E-01
  0.118551E+01     3     3  1.205654E+01  1.949766E-01
  0.116355E+01     3     3  1.211019E+01  1.678549E-01
  0.114240E+01     3     3  1.216093E+01  1.442890E-01
  0.112200E+01     3     3  1.220871E+01  1.238022E-01
  0.110231E+01     3     3  1.225422E+01  1.060912E-01
  0.108331E+01     3     3  1.229718E+01  9.077739E-02
  0.106495E+01     3     3  1.233799E+01  7.755699E-02
  0.104720E+01     3     3  1.237581E+01  6.615021E-02
  0.103003E+01     3     3  1.241170E+01  5.635773E-02
  0.101342E+01     3     3  1.244554E+01  4.792202E-02
  0.997332E+00     3     3  1.247725E+01  4.072253E-02
  0.981748E+00     3     3  1.250702E+01  3.457664E-02
  0.966644E+00     3     3  1.253503E+01  2.928272E-02
  0.951998E+00     3     3  1.256186E+01  2.477529E-02
  0.937789E+00     3     3  1.258701E+01  2.094420E-02
  0.923998E+00     3     3  1.261028E+01  1.764813E-02
  0.910607E+00     3     3  1.263250E+01  1.488253E-02
  0.897599E+00     3     3  1.265397E+01  1.248960E-02
  0.884956E+00     3     3  1.267319E+01  1.050191E-02
  0.872665E+00     3     3  1.269181E+01  8.789084E-03
  0.860711E+00     3     3  1.270986E+01  7.335384E-03
  0.849080E+00     3     3  1.272722E+01  6.093601E-03
  0.837759E+00     3     3  1.274283E+01  5.044541E-03
  0.826735E+00     3     3  1.275787E+01  4.157726E-03
  0.815999E+00     3     3  1.277214E+01  3.404647E-03
  0.805537E+00     3     3  1.278552E+01  2.761516E-03
  0.795340E+00     3     3  1.279974E+01  2.220970E-03
  0.785399E+00     3     3  1.281120E+01  1.753745E-03
  0.775702E+00     3     3  1.282271E+01  1.362046E-03
  0.766243E+00     3     3  1.283481E+01  1.013348E-03
  0.757011E+00     3     3  1.284526E+01  7.154334E-04
  0.747999E+00     3     3  1.285548E+01  4.540414E-04
  0.739199E+00     3     3  1.286634E+01  2.170459E-04
  0.730603E+00     3     3  1.287660E+01  2.218266E-06
  0.722205E+00     3     3  1.288878E+01  1.610920E-05
  0.713999E+00     3     3  1.290109E+01  4.364950E-02
  0.705976E+00     3     3  1.289309E+01  2.083271E-03
  0.698132E+00     3     3  1.290429E+01  7.636449E-04
  0.690460E+00     3     3  1.291199E+01  4.007363E-04
  0.682955E+00     3     3  1.291943E+01  2.198409E-04
  0.675611E+00     3     3  1.292703E+01  1.187870E-04
  0.668424E+00     3     3  1.293317E+01  5.497996E-05
  0.661388E+00     3     3  1.294018E+01  1.632620E-05
  0.654498E+00     3     3  1.294556E+01 -2.766879E-05
  0.647751E+00     3     3  1.294923E+01 -5.835816E-04
  0.641141E+00     3     3  1.296227E+01 -3.980140E-03
  0.634665E+00     3     3  1.296568E+01 -7.180020E-04
  0.628318E+00     3     3  1.297138E+01 -3.878028E-04
  0.622097E+00     3     3  1.297639E+01 -2.703981E-04
  0.615998E+00     3     3  1.298095E+01 -2.009815E-04
  0.610018E+00     3     3  1.298535E+01 -1.508863E-04
  0.604152E+00     3     3  1.298856E+01 -7.753243E-05
  0.598398E+00     3     3  1.299496E+01  1.298827E-06
  0.592753E+00     3     3  1.299848E+01  1.482987E-04
  0.587213E+00     3     3  1.300309E+01  6.983451E-04
  0.581776E+00     3     3  1.300463E+01  3.127555E-03
  0.576439E+00     3     3  1.300753E+01 -3.410766E-05
  0.571198E+00     3     3  1.301237E+01 -2.548284E-04
  0.566052E+00     3     3  1.301744E+01 -3.438256E-04
  0.560998E+00     3     3  1.302032E+01 -4.684260E-04
  0.556034E+00     3     3  1.302212E+01 -8.496840E-04
  0.551156E+00     3     3  1.302545E+01 -2.372821E-03
  0.546364E+00     3     3  1.303210E+01 -4.734141E-03
  0.541654E+00     3     3  1.303541E+01 -1.714361E-03
  0.537024E+00     3     3  1.303808E+01 -1.242674E-03
  0.532473E+00     3     3  1.304081E+01 -1.415782E-03
  0.527998E+00     3     3  1.304274E+01 -1.756152E-03
  0.523598E+00     3     3  1.304534E+01 -2.129014E-03
  0.519271E+00     3     3  1.304876E+01 -2.591329E-03
  0.515015E+00     3     3  1.305092E+01 -3.015763E-03
  0.510828E+00     3     3  1.305721E+01 -1.136561E-03
  0.506708E+00     3     3  1.305563E+01 -5.748636E-04
  0.502654E+00     3     3  1.305820E+01 -1.772992E-03
  0.498665E+00     3     3  1.306096E+01 -1.741941E-03
  0.494739E+00     3     3  1.306119E+01 -1.216323E-03
  0.490873E+00     3     3  1.305872E+01 -9.208765E-04
  0.487068E+00     3     3  1.304752E+01 -1.025688E-02
  0.483321E+00     3     3  1.308005E+01 -2.590766E-02
  0.479632E+00     3     3  1.308348E+01 -1.234126E-02
  0.475998E+00     3     3  1.308554E+01 -7.540077E-03
  0.472419E+00     3     3  1.308669E+01 -4.913702E-03
  0.468894E+00     3     3  1.308930E+01 -3.388523E-03
  0.465421E+00     3     3  1.309256E+01 -1.677025E-03
  0.461998E+00     3     3  1.309841E+01  2.645460E-03
  0.458626E+00     3     3  1.306513E+01  3.409920E-02
  0.455303E+00     3     3  1.308160E+01 -2.118806E-04
  0.452027E+00     3     3  1.308742E+01 -9.399855E-04
  0.448798E+00     3     3  1.308997E+01 -1.125636E-03
  0.445615E+00     3     3  1.309658E+01 -1.054388E-03
  0.442477E+00     3     3  1.309901E+01 -8.280276E-04
  0.439383E+00     3     3  1.310100E+01  1.580734E-03
  0.436332E+00     3     3  1.310144E+01  7.232368E-03
  0.433323E+00     3     3  1.309778E+01  4.252064E-03
  0.430355E+00     3     3  1.309992E+01  2.738289E-03
  0.427427E+00     3     3  1.310265E+01  1.792202E-03
  0.424539E+00     3     3  1.310204E+01  1.705743E-03
  0.421690E+00     3     3  1.310359E+01  1.444596E-03
  0.418878E+00     3     3  1.310468E+01  1.179312E-03
  0.416104E+00     3     3  1.310567E+01  9.301201E-04
  0.413367E+00     3     3  1.310605E+01  3.811028E-04
  0.410665E+00     3     3  1.310723E+01 -1.985109E-04
  0.407998E+00     3     3  1.310728E+01 -1.204141E-03
  0.405366E+00     3     3  1.310861E+01 -6.751580E-03
  0.402768E+00     3     3  1.312058E+01 -1.095720E-02
  0.400202E+00     3     3  1.312129E+01 -3.269956E-03
  0.397669E+00     3     3  1.312301E+01 -6.667024E-07
